[02, 07, 16, 32, 39]
[12, 26, 27, 28, 34]
[05, 17, 18, 23, 34]
[03, 09, 12, 28, 35]
[01, 15, 23, 25, 34]
[04, 21, 27, 32, 39]
[01, 17, 24, 25, 39]
[17, 26, 27, 33, 38]
[12, 15, 26, 32, 38]
[06, 15, 25, 30, 38]
[00, 02, 16, 30, 39]
[02, 12, 28, 29, 30]
[09, 15, 17, 28, 32]
[02, 14, 21, 28, 34]
[16, 18, 19, 22, 26]
[05, 08, 13, 31, 33]
[03, 08, 22, 25, 34]
[04, 17, 20, 32, 39]
[02, 08, 11, 17, 38]
[03, 10, 23, 26, 32]
[01, 06, 11, 18, 39]
[23, 30, 32, 33, 36]
[00, 15, 17, 28, 34]
[03, 09, 32, 35, 38]
[17, 23, 26, 36, 37]
[15, 16, 34, 37, 38]
[01, 03, 12, 15, 17]
[01, 06, 10, 18, 21]
[06, 10, 11, 38, 39]
[12, 13, 17, 33, 34]
[00, 01, 14, 23, 24]
[03, 09, 10, 26, 38]
[20, 22, 25, 28, 35]
[00, 04, 14, 36, 38]
[03, 05, 17, 18, 39]
[02, 06, 27, 28, 39]
[16, 23, 30, 34, 38]
[02, 04, 08, 15, 21]
[02, 23, 29, 34, 37]
[12, 23, 32, 35, 39]
[07, 18, 24, 36, 37]
[04, 05, 06, 19, 35]
[00, 14, 22, 31, 35]
[13, 15, 18, 28, 34]
[00, 09, 13, 23, 27]
[02, 15, 23, 24, 31]
[09, 10, 11, 27, 34]
[04, 26, 31, 32, 33]
[11, 23, 27, 32, 36]
[11, 28, 31, 33, 39]
[00, 14, 16, 34, 39]
[04, 12, 31, 38, 39]
[00, 09, 30, 32, 39]
[00, 11, 18, 20, 38]
[03, 06, 15, 19, 20]
[00, 24, 28, 35, 38]
[08, 13, 14, 26, 38]
[00, 05, 21, 31, 38]
[06, 07, 28, 29, 35]
[17, 20, 31, 35, 37]
[07, 18, 19, 30, 37]
[14, 17, 24, 31, 35]
[02, 14, 25, 32, 36]
[04, 25, 28, 33, 36]
[02, 06, 09, 19, 31]
[00, 03, 11, 21, 34]
[03, 11, 19, 22, 24]
[00, 13, 20, 23, 35]
[03, 04, 12, 17, 36]
[00, 03, 19, 22, 24]
[01, 07, 09, 28, 36]
[09, 16, 17, 26, 36]
[03, 06, 14, 22, 27]
[02, 03, 07, 17, 20]
[02, 06, 10, 13, 24]
[11, 15, 20, 24, 25]
[14, 15, 23, 33, 38]
[04, 10, 15, 22, 31]
[00, 04, 10, 16, 34]
[07, 15, 16, 23, 32]
[20, 23, 37, 38, 39]
[09, 18, 19, 23, 36]
[06, 11, 15, 16, 38]
[01, 06, 16, 17, 32]
[23, 26, 29, 33, 39]
[18, 19, 24, 25, 34]
[05, 19, 26, 34, 39]
[07, 14, 15, 16, 18]
[04, 09, 18, 34, 35]
[01, 13, 16, 19, 26]
[06, 09, 15, 19, 25]
[01, 07, 13, 21, 29]
[08, 09, 20, 21, 35]
[00, 02, 17, 27, 29]
[00, 07, 15, 17, 25]
[17, 21, 26, 35, 37]
[07, 10, 14, 24, 32]
[07, 18, 23, 29, 33]
[06, 08, 13, 22, 25]
[00, 05, 21, 35, 37]
